   USER_ID    ROLE_ID
---------- ----------
         1          1
         1          2
         1          3
         1          4
         1          5
         1          6
         1          7
         1          8
         1          9
         1         10
         2          1

   USER_ID    ROLE_ID
---------- ----------
         2          2
         2          3
         2          4
         2          5
         2          6
         2          7
         2          8
         2          9
         2         10
         3          1
         3          2

   USER_ID    ROLE_ID
---------- ----------
         3          3
         3          4
         3          5
         3          6
         3          7
         3          8
         3          9
         3         10
         4          1
         4          2
         4          3

   USER_ID    ROLE_ID
---------- ----------
         4          4
         4          5
         4          6
         4          7
         4          8
         4          9
         4         10
         5          1
         5          2
         5          3
         5          4

   USER_ID    ROLE_ID
---------- ----------
         5          5
         5          6
         5          7
         5          8
         5          9
         5         10
         6          1
         6          2
         6          3
         6          4
         6          5

   USER_ID    ROLE_ID
---------- ----------
         6          6
         6          7
         6          8
         6          9
         6         10
         7          1
         7          2
         7          3
         7          4
         7          5
         7          6

   USER_ID    ROLE_ID
---------- ----------
         7          7
         7          8
         7          9
         7         10
         8          1
         8          2
         8          3
         8          4
         8          5
         8          6
         8          7

   USER_ID    ROLE_ID
---------- ----------
         8          8
         8          9
         8         10
         9          1
         9          2
         9          3
         9          4
         9          5
         9          6
         9          7
         9          8

   USER_ID    ROLE_ID
---------- ----------
         9          9
         9         10
        10          1
        10          2
        10          3
        10          4
        10          5
        10          6
        10          7
        10          8
        10          9

   USER_ID    ROLE_ID
---------- ----------
        10         10
        11          1
        11          2
        11          3
        11          4
        11          5
        11          6
        11          7
        11          8
        11          9
        11         10

   USER_ID    ROLE_ID
---------- ----------
        12          1
        12          2
        12          3
        12          4
        12          5
        12          6
        12          7
        12          8
        12          9
        12         10
        13          1

   USER_ID    ROLE_ID
---------- ----------
        13          2
        13          3
        13          4
        13          5
        13          6
        13          7
        13          8
        13          9
        13         10
        14          1
        14          2

   USER_ID    ROLE_ID
---------- ----------
        14          3
        14          4
        14          5
        14          6
        14          7
        14          8
        14          9
        14         10
        15          1
        15          2
        15          3

   USER_ID    ROLE_ID
---------- ----------
        15          4
        15          5
        15          6
        15          7
        15          8
        15          9
        15         10
   USER_ID    ROLE_ID
---------- ----------
        16          2
        16          4
        16          6
        16          7
        16          8
        16          9
        16         10
        17          2
        17          4
        17          6
        17          7

   USER_ID    ROLE_ID
---------- ----------
        17          8
        17          9
        17         10
        18          2
        18          4
        18          6
        18          7
        18          8
        18          9
        18         10
        19          2

   USER_ID    ROLE_ID
---------- ----------
        19          4
        19          6
        19          7
        19          8
        19          9
        19         10
        20          2
        20          4
        20          6
        20          7
        20          8

   USER_ID    ROLE_ID
---------- ----------
        20          9
        20         10
        21          2
        21          4
        21          6
        21          7
        21          8
        21          9
        21         10
        22          2
        22          4

   USER_ID    ROLE_ID
---------- ----------
        22          6
        22          7
        22          8
        22          9
        22         10
        23          2
        23          4
        23          6
        23          7
        23          8
        23          9

   USER_ID    ROLE_ID
---------- ----------
        23         10
        24          2
        24          4
        24          6
        24          7
        24          8
        24          9
        24         10
        25          2
        25          4
        25          6

   USER_ID    ROLE_ID
---------- ----------
        25          7
        25          8
        25          9
        25         10
        26          2
        26          4
        26          6
        26          7
        26          8
        26          9
        26         10

   USER_ID    ROLE_ID
---------- ----------
        27          2
        27          4
        27          6
        27          7
        27          8
        27          9
        27         10
        28          2
        28          4
        28          6
        28          7

   USER_ID    ROLE_ID
---------- ----------
        28          8
        28          9
        28         10
        29          2
        29          4
        29          6
        29          7
        29          8
        29          9
        29         10
        30          2

   USER_ID    ROLE_ID
---------- ----------
        30          4
        30          6
        30          7
        30          8
        30          9
        30         10
   USER_ID    ROLE_ID
---------- ----------
        31          3
        31          5
        31          6
        31          7
        31          8
        31          9
        31         10
        32          3
        32          5
        32          6
        32          7

   USER_ID    ROLE_ID
---------- ----------
        32          8
        32          9
        32         10
        33          3
        33          5
        33          6
        33          7
        33          8
        33          9
        33         10
        34          3

   USER_ID    ROLE_ID
---------- ----------
        34          5
        34          6
        34          7
        34          8
        34          9
        34         10
        35          3
        35          5
        35          6
        35          7
        35          8

   USER_ID    ROLE_ID
---------- ----------
        35          9
        35         10
        36          3
        36          5
        36          6
        36          7
        36          8
        36          9
        36         10
        37          3
        37          5

   USER_ID    ROLE_ID
---------- ----------
        37          6
        37          7
        37          8
        37          9
        37         10
        38          3
        38          5
        38          6
        38          7
        38          8
        38          9

   USER_ID    ROLE_ID
---------- ----------
        38         10
        39          3
        39          5
        39          6
        39          7
        39          8
        39          9
        39         10
        40          3
        40          5
        40          6

   USER_ID    ROLE_ID
---------- ----------
        40          7
        40          8
        40          9
        40         10
        41          3
        41          5
        41          6
        41          7
        41          8
        41          9
        41         10

   USER_ID    ROLE_ID
---------- ----------
        42          3
        42          5
        42          6
        42          7
        42          8
        42          9
        42         10
        43          3
        43          5
        43          6
        43          7

   USER_ID    ROLE_ID
---------- ----------
        43          8
        43          9
        43         10
        44          3
        44          5
        44          6
        44          7
        44          8
        44          9
        44         10
        45          3

   USER_ID    ROLE_ID
---------- ----------
        45          5
        45          6
        45          7
        45          8
        45          9
        45         10
   USER_ID    ROLE_ID
---------- ----------
        46          4
        46          8
        46          9
        47          4
        47          8
        47          9
        48          4
        48          8
        48          9
        49          4
        49          8

   USER_ID    ROLE_ID
---------- ----------
        49          9
        50          4
        50          8
        50          9
        51          4
        51          8
        51          9
        52          4
        52          8
        52          9
        53          4

   USER_ID    ROLE_ID
---------- ----------
        53          8
        53          9
        54          4
        54          8
        54          9
        55          4
        55          8
        55          9
        56          4
        56          8
        56          9

   USER_ID    ROLE_ID
---------- ----------
        57          4
        57          8
        57          9
        58          4
        58          8s
        58          9
        59          4
        59          8
        59          9
        60          4
        60          8

   USER_ID    ROLE_ID
---------- ----------
        60          9
   USER_ID    ROLE_ID
---------- ----------
        61          5
        61         10
        62          5
        62         10
        63          5
        63         10
        64          5
        64         10
        65          5
        65         10
        66          5

   USER_ID    ROLE_ID
---------- ----------
        66         10
        67          5
        67         10
        68          5
        68         10
        69          5
        69         10
        70          5
        70         10
        71          5
        71         10

   USER_ID    ROLE_ID
---------- ----------
        72          5
        72         10
        73          5
        73         10
        74          5
        74         10
        75          5
        75         10





