16 1
16 3
16 5
17 1
17 3
17 5
18 1
18 3
18 5
19 1
19 3
19 5
20 1
20 3
20 5
21 1
21 3
21 5
22 1
22 3
22 5
23 1
23 3
23 5
24 1
24 3
24 5
25 1
25 3
25 5
26 1
26 3
26 5
27 1
27 3
27 5
28 1
28 3
28 5
29 1
29 3
29 5
30 1
30 3
30 5
31 1
31 2
31 4
32 1
32 2
32 4
33 1
33 2
33 4
34 1
34 2
34 4
35 1
35 2
35 4
36 1
36 2
36 4
37 1
37 2
37 4
38 1
38 2
38 4
39 1
39 2
39 4
40 1
40 2
40 4
41 1
41 2
41 4
42 1
42 2
42 4
43 1
43 2
43 4
44 1
44 2
44 4
45 1
45 2
45 4
46 1
46 2
46 3
46 5
46 6
46 7
46 10
47 1
47 2
47 3
47 5
47 6
47 7
47 10
48 1
48 2
48 3
48 5
48 6
48 7
48 10
49 1
49 2
49 3
49 5
49 6
49 7
49 10
50 1
50 2
50 3
50 5
50 6
50 7
50 10
51 1
51 2
51 3
51 5
51 6
51 7
51 10
52 1
52 2
52 3
52 5
52 6
52 7
52 10
53 1
53 2
53 3
53 5
53 6
53 7
53 10
54 1
54 2
54 3
54 5
54 6
54 7
54 10
55 1
55 2
55 3
55 5
55 6
55 7
55 10
56 1
56 2
56 3
56 5
56 6
56 7
56 10
57 1
57 2
57 3
57 5
57 6
57 7
57 10
58 1
58 2
58 3
58 5
58 6
58 7
58 8
58 10
59 1
59 2
59 3
59 5
59 6
59 7
59 10
60 1
60 2
60 3
60 5
60 6
60 7
60 10
61 1
61 2
61 3
61 4
61 6
61 7
61 8
61 9
62 1
62 2
62 3
62 4
62 6
62 7
62 8
62 9
63 1
63 2
63 3
63 4
63 6
63 7
63 8
63 9
64 1
64 2
64 3
64 4
64 6
64 7
64 8
64 9
65 1
65 2
65 3
65 4
65 6
65 7
65 8
65 9
66 1
66 2
66 3
66 4
66 6
66 7
66 8
66 9
67 1
67 2
67 3
67 4
67 6
67 7
67 8
67 9
68 1
68 2
68 3
68 4
68 6
68 7
68 8
68 9
69 1
69 2
69 3
69 4
69 6
69 7
69 8
69 9
70 1
70 2
70 3
70 4
70 6
70 7
70 8
70 9
71 1
71 2
71 3
71 4
71 6
71 7
71 8
71 9
72 1
72 2
72 3
72 4
72 6
72 7
72 8
72 9
73 1
73 2
73 3
73 4
73 6
73 7
73 8
73 9
74 1
74 2
74 3
74 4
74 6
74 7
74 8
74 9
75 1
75 2
75 3
75 4
75 6
75 7
75 8
75 9
