1 2
1 3
1 4
1 5
1 6
1 7
1 8
1 9
1 10
2 2
2 3
2 4
2 5
2 6
2 7
2 8
2 9
2 10
3 2
3 3
3 4
3 5
3 6
3 7
3 8
3 9
3 10
4 2
4 3
4 4
4 5
4 6
4 7
4 8
4 9
4 10
5 2
5 3
5 4
5 5
5 6
5 7
5 8
5 9
5 10
6 2
6 3
6 4
6 5
6 6
6 7
6 8
6 9
6 10
7 2
7 3
7 4
7 5
7 6
7 7
7 8
7 9
7 10
8 2
8 3
8 4
8 5
8 6
8 7
8 8
8 9
8 10
9 2
9 3
9 4
9 5
9 6
9 7
9 8
9 9
9 10
10 2
10 3
10 4
10 5
10 6
10 7
10 8
10 9
10 10
11 3
11 4
11 5
11 6
11 7
11 8
11 9
11 10
12 3
12 4
12 5
12 6
12 7
12 8
12 9
12 10
13 3
13 4
13 5
13 6
13 7
13 8
13 9
13 10
14 3
14 4
14 5
14 6
14 7
14 8
14 9
14 10
15 3
15 4
15 5
15 6
15 7
15 8
15 9
15 10
16 3
16 4
16 5
16 6
16 7
16 8
16 9
16 10
17 3
17 4
17 5
17 6
17 7
17 8
17 9
17 10
18 3
18 4
18 5
18 6
18 7
18 8
18 9
18 10
19 3
19 4
19 5
19 6
19 7
19 8
19 9
19 10
20 3
20 4
20 5
20 6
20 7
20 8
20 9
20 10
21 2
21 4
21 5
21 6
21 7
21 8
21 9
21 10
22 2
22 4
22 5
22 6
22 7
22 8
22 9
22 10
23 2
23 4
23 5
23 6
23 7
23 8
23 9
23 10
24 2
24 4
24 5
24 6
24 7
24 8
24 9
24 10
25 2
25 4
25 5
25 6
25 7
25 8
25 9
25 10
26 2
26 4
26 5
26 6
26 7
26 8
26 9
26 10
27 2
27 4
27 5
27 6
27 7
27 8
27 9
27 10
28 2
28 4
28 5
28 6
28 7
28 8
28 9
28 10
29 2
29 4
29 5
29 6
29 7
29 8
29 9
29 10
30 2
30 4
30 5
30 6
30 7
30 8
30 9
30 10
31 3
31 5
31 6
31 7
31 8
31 9
31 10
32 3
32 5
32 6
32 7
32 8
32 9
32 10
33 3
33 5
33 6
33 7
33 8
33 9
33 10
34 3
34 5
34 6
34 7
34 8
34 9
34 10
35 3
35 5
35 6
35 7
35 8
35 9
35 10
36 3
36 5
36 6
36 7
36 8
36 9
36 10
37 3
37 5
37 6
37 7
37 8
37 9
37 10
38 3
38 5
38 6
38 7
38 8
38 9
38 10
39 3
39 5
39 6
39 7
39 8
39 9
39 10
40 3
40 5
40 6
40 7
40 8
40 9
40 10
41 2
41 4
41 6
41 7
41 8
41 9
41 10
42 2
42 4
42 6
42 7
42 8
42 9
42 10
43 2
43 4
43 6
43 7
43 8
43 9
43 10
44 2
44 4
44 6
44 7
44 8
44 9
44 10
45 2
45 4
45 6
45 7
45 8
45 9
45 10
46 2
46 4
46 6
46 7
46 8
46 9
46 10
47 2
47 4
47 6
47 7
47 8
47 9
47 10
48 2
48 4
48 6
48 7
48 8
48 9
48 10
49 2
49 4
49 6
49 7
49 8
49 9
49 10
50 2
50 4
50 6
50 7
50 8
50 9
50 10
51 3
51 4
51 5
51 7
51 8
51 9
51 10
52 3
52 4
52 5
52 7
52 8
52 9
52 10
53 3
53 4
53 5
53 7
53 8
53 9
53 10
54 3
54 4
54 5
54 7
54 8
54 9
54 10
55 3
55 4
55 5
55 7
55 8
55 9
55 10
56 3
56 4
56 5
56 7
56 8
56 9
56 10
57 3
57 4
57 5
57 7
57 8
57 9
57 10
58 3
58 4
58 5
58 7
58 8
58 9
58 10
59 3
59 4
59 5
59 7
59 8
59 9
59 10
60 3
60 4
60 5
60 7
60 8
60 9
60 10
61 2
61 4
61 5
61 6
61 8
61 9
61 10
62 2
62 4
62 5
62 6
62 8
62 9
62 10
63 2
63 4
63 5
63 6
63 8
63 9
63 10
64 2
64 4
64 5
64 6
64 8
64 9
64 10
65 2
65 4
65 5
65 6
65 8
65 9
65 10
66 2
66 4
66 5
66 6
66 8
66 9
66 10
67 2
67 4
67 5
67 6
67 8
67 9
67 10
68 2
68 4
68 5
68 6
68 8
68 9
68 10
69 2
69 4
69 5
69 6
69 8
69 9
69 10
70 2
70 4
70 5
70 6
70 8
70 9
70 10
71 3
71 5
71 6
71 7
71 9
71 10
72 3
72 5
72 6
72 7
72 9
72 10
73 3
73 5
73 6
73 7
73 9
73 10
74 3
74 5
74 6
74 7
74 9
74 10
75 3
75 5
75 6
75 7
75 9
75 10
76 3
76 5
76 6
76 7
76 9
76 10
77 3
77 5
77 6
77 7
77 9
77 10
78 3
78 5
78 6
78 7
78 9
78 10
79 3
79 5
79 6
79 7
79 9
79 10
80 3
80 5
80 6
80 7
80 9
80 10
81 2
81 4
81 5
81 6
81 8
81 10
82 2
82 4
82 5
82 6
82 8
82 10
83 2
83 4
83 5
83 6
83 8
83 10
84 2
84 4
84 5
84 6
84 8
84 10
85 2
85 4
85 5
85 6
85 8
85 10
86 2
86 4
86 5
86 6
86 8
86 10
87 2
87 4
87 5
87 6
87 8
87 10
88 2
88 4
88 5
88 6
88 8
88 10
89 2
89 4
89 5
89 6
89 8
89 10
90 2
90 4
90 5
90 6
90 8
90 10
91 3
91 4
91 5
91 7
91 8
91 9
92 3
92 4
92 5
92 7
92 8
92 9
93 3
93 4
93 5
93 7
93 8
93 9
94 3
94 4
94 5
94 7
94 8
94 9
95 3
95 4
95 5
95 7
95 8
95 9
96 3
96 4
96 5
96 7
96 8
96 9
97 3
97 4
97 5
97 7
97 8
97 9
98 3
98 4
98 5
98 7
98 8
98 9
99 3
99 4
99 5
99 7
99 8
99 9
100 3
100 4
100 5
100 7
100 8
100 9
