11 1 1 1
14 1 1 1
8 1 10 1
1 1 8 1
10 1 8 1
12 1 8 1
3 1 7 1
2 1 6 1
6 1 6 1
15 1 6 1
9 1 5 1
14 1 5 1
6 1 4 1
1 1 3 1
3 1 3 1
8 1 3 1
15 1 3 1
11 1 2 1
13 1 2 1
15 1 2 1
8 1 1 1
12 1 1 1
1 1 4 1
10 1 4 1
6 1 2 1
2 1 1 1
4 1 1 1
5 1 1 1
9 1 1 1
3 1 10 1
8 1 9 1
6 1 8 1
9 1 7 1
10 1 7 1
3 1 6 1
1 1 5 1
2 1 4 1
4 1 4 1
11 1 4 1
11 1 3 1
9 1 2 1
14 1 2 1
1 1 10 1
6 1 10 1
10 1 10 1
9 1 9 1
14 1 8 1
12 1 7 1
15 1 7 1
5 1 6 1
8 1 6 1
10 1 6 1
12 1 6 1
2 1 5 1
12 1 5 1
13 1 5 1
15 1 4 1
6 1 3 1
10 1 3 1
7 1 2 1
10 1 1 1
13 1 1 1
15 1 1 1
5 1 10 1
7 1 10 1
12 1 10 1
3 1 9 1
5 1 9 1
6 1 9 1
14 1 9 1
7 1 8 1
13 1 8 1
6 1 7 1
13 1 7 1
9 1 6 1
13 1 6 1
4 1 5 1
6 1 5 1
15 1 5 1
3 1 4 1
7 1 4 1
12 1 4 1
5 1 3 1
9 1 3 1
4 1 2 1
10 1 2 1
11 1 8 1
15 1 8 1
2 1 7 1
11 1 7 1
14 1 7 1
4 1 6 1
11 1 5 1
5 1 4 1
13 1 4 1
14 1 4 1
2 1 3 1
7 1 3 1
1 1 2 1
2 1 2 1
5 1 2 1
8 1 2 1
1 1 1 1
6 1 1 1
4 1 10 1
11 1 10 1
15 1 10 1
2 1 9 1
4 1 9 1
11 1 9 1
13 1 9 1
2 1 8 1
3 1 8 1
4 1 8 1
8 1 8 1
9 1 8 1
3 1 5 1
7 1 5 1
10 1 5 1
8 1 4 1
3 1 2 1
12 1 2 1
3 1 1 1
2 1 10 1
7 1 9 1
15 1 9 1
4 1 7 1
5 1 7 1
7 1 7 1
7 1 6 1
11 1 6 1
14 1 6 1
5 1 5 1
8 1 5 1
9 1 4 1
4 1 3 1
12 1 3 1
13 1 3 1
14 1 3 1
7 1 1 1
9 1 10 1
13 1 10 1
14 1 10 1
1 1 9 1
10 1 9 1
12 1 9 1
5 1 8 1
1 1 7 1
8 1 7 1
1 1 6 1
11 2 11 2
1 2 20 2
2 2 20 2
6 2 20 2
10 2 20 2
15 2 20 2
7 2 19 2
8 2 18 2
11 2 18 2
14 2 18 2
1 2 16 2
6 2 16 2
10 2 16 2
12 2 16 2
6 2 15 2
10 2 15 2
14 2 15 2
8 2 14 2
6 2 13 2
8 2 12 2
10 2 12 2
11 2 12 2
9 2 15 2
1 2 13 2
3 2 13 2
7 2 13 2
8 2 13 2
3 2 12 2
9 2 12 2
2 2 11 2
8 2 11 2
5 2 20 2
12 2 20 2
9 2 19 2
6 2 18 2
12 2 18 2
8 2 17 2
11 2 17 2
14 2 17 2
13 2 16 2
8 2 15 2
12 2 15 2
7 2 14 2
10 2 14 2
13 2 14 2
11 2 13 2
15 2 13 2
1 2 11 2
3 2 11 2
14 2 11 2
8 2 20 2
8 2 19 2
12 2 19 2
3 2 18 2
13 2 18 2
15 2 18 2
3 2 17 2
4 2 17 2
3 2 16 2
15 2 15 2
1 2 14 2
4 2 14 2
2 2 13 2
14 2 13 2
1 2 12 2
13 2 12 2
15 2 12 2
4 2 11 2
10 2 11 2
13 2 11 2
15 2 11 2
13 2 20 2
14 2 20 2
5 2 19 2
10 2 19 2
3 2 15 2
4 2 15 2
13 2 15 2
6 2 14 2
11 2 14 2
15 2 14 2
4 2 13 2
5 2 13 2
7 2 12 2
12 2 12 2
7 2 11 2
9 2 20 2
3 2 19 2
14 2 19 2
2 2 18 2
5 2 18 2
9 2 18 2
13 2 17 2
2 2 16 2
5 2 16 2
14 2 16 2
1 2 15 2
2 2 14 2
9 2 13 2
5 2 12 2
6 2 11 2
12 2 11 2
3 2 20 2
4 2 20 2
13 2 19 2
1 2 18 2
4 2 18 2
12 2 17 2
4 2 16 2
11 2 16 2
9 2 14 2
12 2 14 2
10 2 13 2
12 2 13 2
14 2 12 2
9 2 11 2
7 2 20 2
11 2 20 2
4 2 19 2
6 2 19 2
11 2 19 2
15 2 19 2
10 2 18 2
2 2 17 2
5 2 17 2
6 2 17 2
7 2 17 2
7 2 16 2
8 2 16 2
15 2 16 2
2 2 15 2
5 2 15 2
7 2 15 2
11 2 15 2
3 2 14 2
5 2 14 2
14 2 14 2
13 2 13 2
2 2 12 2
4 2 12 2
6 2 12 2
5 2 11 2
1 2 19 2
2 2 19 2
7 2 18 2
1 2 17 2
9 2 17 2
10 2 17 2
15 2 17 2
9 2 16 2
9 3 21 3
1 3 30 3
13 3 30 3
14 3 30 3
8 3 29 3
11 3 29 3
12 3 28 3
5 3 27 3
10 3 27 3
13 3 27 3
1 3 26 3
5 3 26 3
14 3 26 3
11 3 25 3
14 3 25 3
3 3 24 3
9 3 24 3
7 3 23 3
9 3 23 3
15 3 23 3
7 3 22 3
9 3 22 3
8 3 26 3
10 3 26 3
12 3 26 3
1 3 25 3
10 3 24 3
2 3 23 3
13 3 22 3
4 3 21 3
11 3 21 3
13 3 21 3
5 3 30 3
10 3 30 3
11 3 30 3
15 3 30 3
5 3 29 3
7 3 28 3
2 3 26 3
13 3 26 3
15 3 25 3
2 3 24 3
11 3 24 3
2 3 22 3
3 3 22 3
15 3 22 3
3 3 21 3
14 3 21 3
8 3 30 3
4 3 29 3
1 3 28 3
5 3 28 3
6 3 28 3
10 3 28 3
1 3 27 3
7 3 27 3
8 3 27 3
14 3 27 3
3 3 26 3
11 3 26 3
3 3 25 3
4 3 25 3
7 3 25 3
8 3 25 3
13 3 24 3
4 3 23 3
5 3 23 3
8 3 23 3
12 3 23 3
6 3 22 3
12 3 22 3
14 3 22 3
8 3 21 3
12 3 30 3
6 3 29 3
13 3 29 3
4 3 28 3
9 3 27 3
6 3 26 3
4 3 24 3
5 3 24 3
6 3 24 3
15 3 24 3
1 3 23 3
10 3 22 3
1 3 21 3
3 3 30 3
4 3 30 3
1 3 29 3
7 3 29 3
10 3 29 3
14 3 29 3
9 3 28 3
11 3 28 3
15 3 28 3
12 3 27 3
3 3 23 3
1 3 22 3
4 3 22 3
2 3 21 3
6 3 21 3
15 3 29 3
2 3 28 3
3 3 28 3
3 3 27 3
11 3 27 3
15 3 27 3
9 3 26 3
15 3 26 3
10 3 25 3
1 3 24 3
8 3 24 3
12 3 24 3
14 3 24 3
10 3 23 3
13 3 23 3
14 3 23 3
8 3 22 3
11 3 22 3
5 3 21 3
7 3 21 3
10 3 21 3
15 3 21 3
2 3 30 3
6 3 30 3
7 3 30 3
3 3 29 3
9 3 29 3
13 3 28 3
14 3 28 3
2 3 27 3
2 3 25 3
5 3 25 3
6 3 25 3
9 3 25 3
12 3 25 3
13 3 25 3
7 3 24 3
6 3 23 3
11 3 23 3
5 3 22 3
12 3 21 3
9 3 30 3
2 3 29 3
12 3 29 3
8 3 28 3
4 3 27 3
6 3 27 3
4 3 26 3
7 3 26 3
7 4 38 4
11 4 38 4
6 4 37 4
9 4 37 4
10 4 37 4
11 4 37 4
11 4 36 4
1 4 34 4
3 4 34 4
6 4 34 4
7 4 34 4
10 4 34 4
2 4 33 4
4 4 33 4
5 4 33 4
7 4 33 4
13 4 33 4
1 4 32 4
4 4 32 4
6 4 32 4
1 4 31 4
5 4 31 4
2 4 35 4
3 4 35 4
11 4 35 4
13 4 35 4
14 4 35 4
12 4 34 4
10 4 33 4
11 4 33 4
5 4 32 4
3 4 31 4
12 4 31 4
14 4 31 4
1 4 40 4
10 4 40 4
12 4 40 4
5 4 39 4
12 4 39 4
1 4 37 4
5 4 37 4
5 4 36 4
10 4 36 4
6 4 35 4
9 4 35 4
5 4 34 4
12 4 33 4
14 4 33 4
15 4 32 4
4 4 31 4
9 4 31 4
13 4 31 4
4 4 39 4
15 4 39 4
4 4 38 4
5 4 38 4
8 4 37 4
1 4 36 4
5 4 35 4
7 4 35 4
10 4 35 4
2 4 34 4
4 4 34 4
11 4 34 4
3 4 32 4
7 4 32 4
2 4 31 4
10 4 31 4
5 4 40 4
1 4 39 4
3 4 38 4
6 4 38 4
9 4 36 4
15 4 36 4
4 4 35 4
8 4 35 4
9 4 34 4
3 4 33 4
9 4 33 4
15 4 33 4
10 4 32 4
11 4 32 4
8 4 31 4
11 4 31 4
11 4 40 4
10 4 39 4
2 4 40 4
4 4 40 4
6 4 40 4
9 4 40 4
13 4 40 4
15 4 40 4
6 4 39 4
13 4 39 4
10 4 38 4
13 4 38 4
15 4 38 4
4 4 37 4
2 4 32 4
14 4 32 4
8 4 40 4
14 4 40 4
9 4 39 4
1 4 38 4
14 4 38 4
3 4 36 4
7 4 36 4
8 4 36 4
15 4 35 4
6 4 33 4
8 4 32 4
9 4 32 4
13 4 32 4
7 4 31 4
7 4 40 4
2 4 39 4
7 4 39 4
8 4 39 4
14 4 39 4
2 4 38 4
8 4 38 4
9 4 38 4
12 4 38 4
7 4 37 4
13 4 37 4
14 4 37 4
15 4 37 4
2 4 36 4
6 4 36 4
12 4 36 4
14 4 36 4
1 4 35 4
12 4 35 4
8 4 34 4
13 4 34 4
14 4 34 4
15 4 34 4
1 4 33 4
8 4 33 4
12 4 32 4
6 4 31 4
15 4 31 4
3 4 40 4
3 4 39 4
11 4 39 4
2 4 37 4
3 4 37 4
12 4 37 4
4 4 36 4
13 4 36 4
1 5 41 5
12 5 50 5
15 5 50 5
3 5 49 5
5 5 49 5
7 5 48 5
9 5 48 5
12 5 48 5
1 5 47 5
4 5 47 5
7 5 47 5
4 5 46 5
6 5 45 5
8 5 44 5
12 5 44 5
8 5 43 5
9 5 43 5
12 5 42 5
2 5 41 5
5 5 41 5
10 5 41 5
13 5 41 5
1 5 50 5
6 5 50 5
13 5 50 5
1 5 49 5
9 5 49 5
2 5 48 5
6 5 47 5
10 5 47 5
7 5 46 5
11 5 45 5
6 5 44 5
5 5 43 5
7 5 43 5
10 5 42 5
11 5 42 5
13 5 42 5
15 5 42 5
4 5 41 5
7 5 49 5
12 5 49 5
15 5 49 5
13 5 48 5
15 5 48 5
8 5 47 5
1 5 46 5
9 5 46 5
10 5 46 5
1 5 45 5
3 5 45 5
5 5 44 5
2 5 43 5
11 5 43 5
1 5 42 5
6 5 42 5
12 5 41 5
15 5 41 5
4 5 50 5
9 5 50 5
8 5 49 5
13 5 49 5
14 5 48 5
2 5 47 5
12 5 46 5
2 5 45 5
8 5 45 5
11 5 44 5
15 5 44 5
10 5 43 5
9 5 41 5
14 5 41 5
3 5 50 5
2 5 49 5
4 5 49 5
1 5 48 5
5 5 48 5
11 5 48 5
5 5 47 5
9 5 45 5
10 5 45 5
9 5 44 5
4 5 42 5
7 5 42 5
8 5 42 5
14 5 42 5
8 5 50 5
6 5 49 5
6 5 48 5
13 5 47 5
15 5 47 5
5 5 46 5
14 5 46 5
5 5 45 5
2 5 44 5
7 5 44 5
4 5 43 5
6 5 43 5
12 5 43 5
15 5 43 5
7 5 41 5
8 5 41 5
11 5 41 5
2 5 50 5
5 5 50 5
10 5 50 5
11 5 50 5
14 5 50 5
11 5 49 5
14 5 49 5
9 5 47 5
11 5 47 5
14 5 47 5
2 5 46 5
6 5 46 5
15 5 46 5
4 5 45 5
7 5 45 5
13 5 45 5
14 5 45 5
15 5 45 5
1 5 44 5
3 5 44 5
4 5 44 5
10 5 44 5
14 5 44 5
3 5 43 5
14 5 43 5
5 5 42 5
6 5 41 5
7 5 50 5
10 5 49 5
3 5 48 5
4 5 48 5
8 5 48 5
10 5 48 5
3 5 47 5
12 5 47 5
3 5 46 5
8 5 46 5
11 5 46 5
13 5 46 5
12 5 45 5
13 5 44 5
1 5 43 5
13 5 43 5
2 5 42 5
3 5 42 5
9 5 42 5
3 5 41 5
5 6 60 3
12 6 60 3
2 6 59 3
10 6 59 3
4 6 57 3
6 6 57 3
7 6 57 3
8 6 57 3
11 6 57 3
12 6 57 3
13 6 57 3
4 6 56 3
14 6 56 3
6 6 55 3
8 6 55 3
8 6 54 3
1 6 53 3
5 6 53 3
13 6 53 3
6 6 52 3
14 6 52 3
13 6 51 3
14 6 51 3
1 6 60 3
8 6 60 3
7 6 59 3
7 6 58 3
2 6 56 3
5 6 56 3
7 6 56 3
12 6 55 3
15 6 55 3
3 6 54 3
14 6 54 3
2 6 53 3
9 6 53 3
13 6 52 3
3 6 51 3
10 6 60 3
11 6 60 3
4 6 58 3
11 6 58 3
3 6 57 3
14 6 57 3
1 6 56 3
1 6 55 3
9 6 55 3
10 6 54 3
13 6 54 3
15 6 54 3
4 6 53 3
6 6 53 3
7 6 53 3
14 6 53 3
2 6 52 3
4 6 52 3
15 6 52 3
8 6 51 3
11 6 51 3
3 6 60 3
14 6 60 3
15 6 60 3
3 6 59 3
4 6 59 3
5 6 59 3
5 6 58 3
2 6 57 3
10 6 56 3
15 6 56 3
11 6 55 3
13 6 55 3
5 6 54 3
11 6 54 3
12 6 54 3
8 6 53 3
11 6 53 3
1 6 52 3
7 6 52 3
2 6 51 3
5 6 51 3
6 6 51 3
7 6 51 3
4 6 60 3
6 6 60 3
1 6 59 3
9 6 59 3
12 6 59 3
13 6 59 3
6 6 58 3
10 6 58 3
12 6 58 3
5 6 57 3
10 6 57 3
15 6 57 3
3 6 56 3
9 6 56 3
2 6 54 3
4 6 54 3
6 6 54 3
12 6 53 3
15 6 53 3
3 6 52 3
9 6 52 3
7 6 60 3
8 6 59 3
11 6 59 3
1 6 58 3
2 6 58 3
9 6 58 3
12 6 56 3
2 6 55 3
4 6 55 3
5 6 52 3
11 6 52 3
12 6 52 3
1 6 51 3
9 6 51 3
12 6 51 3
15 6 51 3
2 6 60 3
9 6 60 3
8 6 58 3
13 6 58 3
14 6 58 3
1 6 57 3
9 6 57 3
6 6 56 3
8 6 56 3
11 6 56 3
13 6 56 3
3 6 55 3
10 6 55 3
1 6 54 3
7 6 54 3
10 6 53 3
8 6 52 3
4 6 51 3
10 6 51 3
13 6 60 3
6 6 59 3
14 6 59 3
15 6 59 3
3 6 58 3
15 6 58 3
5 6 55 3
7 6 55 3
14 6 55 3
9 6 54 3
3 6 53 3
10 6 52 3
1 7 62 4
3 7 62 4
5 7 62 4
14 7 62 4
1 7 61 4
4 7 61 4
5 7 61 4
6 7 70 4
11 7 70 4
6 7 67 4
5 7 66 4
6 7 65 4
7 7 65 4
8 7 65 4
8 7 63 4
10 7 63 4
2 7 62 4
4 7 62 4
6 7 62 4
8 7 62 4
3 7 61 4
9 7 61 4
11 7 69 4
8 7 68 4
9 7 68 4
10 7 68 4
14 7 68 4
2 7 67 4
14 7 66 4
9 7 64 4
15 7 64 4
3 7 63 4
11 7 62 4
7 7 70 4
12 7 70 4
13 7 70 4
1 7 69 4
4 7 69 4
10 7 69 4
12 7 69 4
3 7 66 4
6 7 66 4
15 7 66 4
2 7 65 4
4 7 65 4
10 7 64 4
14 7 64 4
5 7 63 4
12 7 63 4
2 7 61 4
13 7 61 4
14 7 61 4
15 7 61 4
4 7 70 4
5 7 70 4
8 7 70 4
2 7 69 4
5 7 69 4
13 7 66 4
2 7 64 4
3 7 64 4
7 7 64 4
12 7 64 4
4 7 63 4
13 7 63 4
12 7 62 4
3 7 70 4
14 7 70 4
7 7 69 4
4 7 68 4
6 7 68 4
7 7 68 4
11 7 68 4
7 7 67 4
9 7 67 4
13 7 67 4
14 7 67 4
8 7 66 4
9 7 66 4
11 7 66 4
12 7 66 4
1 7 65 4
9 7 65 4
11 7 65 4
7 7 63 4
15 7 63 4
9 7 70 4
10 7 70 4
13 7 69 4
15 7 69 4
3 7 67 4
4 7 67 4
10 7 67 4
1 7 66 4
7 7 66 4
10 7 66 4
3 7 65 4
10 7 65 4
12 7 65 4
13 7 65 4
14 7 65 4
1 7 64 4
9 7 63 4
11 7 63 4
10 7 62 4
2 7 70 4
15 7 70 4
3 7 69 4
3 7 68 4
5 7 68 4
13 7 68 4
1 7 67 4
5 7 67 4
8 7 67 4
12 7 67 4
15 7 67 4
4 7 66 4
15 7 65 4
5 7 64 4
8 7 64 4
11 7 64 4
13 7 64 4
1 7 63 4
9 7 62 4
15 7 62 4
6 7 61 4
7 7 61 4
8 7 61 4
10 7 61 4
12 7 61 4
6 7 69 4
9 7 69 4
14 7 69 4
1 7 68 4
2 7 68 4
12 7 68 4
15 7 68 4
11 7 67 4
2 7 66 4
5 7 65 4
4 7 64 4
6 7 64 4
2 7 63 4
6 7 63 4
14 7 63 4
7 7 62 4
13 7 62 4
11 7 61 4
1 7 70 4
8 7 69 4
8 8 74 2
2 8 73 2
3 8 73 2
13 8 73 2
6 8 72 2
7 8 72 2
15 8 71 2
11 8 79 2
2 8 76 2
14 8 76 2
6 8 75 2
10 8 75 2
13 8 75 2
6 8 74 2
15 8 74 2
10 8 73 2
4 8 72 2
8 8 72 2
13 8 72 2
5 8 71 2
8 8 71 2
10 8 71 2
5 8 77 2
11 8 77 2
6 8 76 2
13 8 76 2
7 8 75 2
1 8 73 2
6 8 73 2
7 8 73 2
8 8 73 2
9 8 73 2
11 8 72 2
15 8 72 2
3 8 71 2
7 8 71 2
11 8 71 2
10 8 80 2
12 8 80 2
5 8 79 2
14 8 78 2
6 8 77 2
7 8 77 2
2 8 75 2
10 8 74 2
4 8 73 2
9 8 72 2
1 8 71 2
4 8 71 2
14 8 71 2
7 8 80 2
6 8 78 2
11 8 78 2
12 8 78 2
13 8 77 2
9 8 76 2
5 8 75 2
9 8 75 2
12 8 75 2
1 8 74 2
4 8 74 2
12 8 74 2
13 8 74 2
5 8 73 2
1 8 72 2
2 8 72 2
2 8 71 2
6 8 71 2
9 8 71 2
6 8 80 2
11 8 80 2
6 8 79 2
7 8 79 2
8 8 79 2
15 8 79 2
1 8 78 2
10 8 77 2
15 8 77 2
1 8 76 2
12 8 76 2
4 8 75 2
8 8 75 2
11 8 75 2
14 8 75 2
2 8 74 2
5 8 74 2
5 8 80 2
4 8 79 2
12 8 79 2
2 8 78 2
3 8 78 2
8 8 78 2
9 8 78 2
3 8 77 2
7 8 76 2
11 8 76 2
3 8 74 2
11 8 74 2
14 8 73 2
14 8 72 2
13 8 71 2
1 8 80 2
8 8 80 2
9 8 80 2
2 8 79 2
9 8 79 2
13 8 78 2
1 8 77 2
4 8 77 2
14 8 77 2
3 8 76 2
10 8 76 2
15 8 76 2
1 8 75 2
7 8 74 2
12 8 73 2
15 8 73 2
3 8 72 2
10 8 72 2
12 8 71 2
3 8 80 2
13 8 80 2
1 8 79 2
10 8 79 2
13 8 79 2
7 8 78 2
10 8 78 2
8 8 77 2
9 8 77 2
12 8 77 2
4 8 76 2
5 8 76 2
8 8 76 2
3 8 75 2
15 8 75 2
9 8 74 2
14 8 74 2
11 8 73 2
5 8 72 2
12 8 72 2
2 8 80 2
4 8 80 2
14 8 80 2
15 8 80 2
3 8 79 2
14 8 79 2
4 8 78 2
5 8 78 2
15 8 78 2
2 8 77 2
4 9 83 5
12 9 83 5
7 9 82 5
9 9 82 5
7 9 90 5
11 9 89 5
2 9 88 5
11 9 88 5
7 9 87 5
13 9 87 5
2 9 86 5
11 9 86 5
12 9 86 5
14 9 86 5
15 9 86 5
6 9 85 5
14 9 85 5
11 9 83 5
1 9 82 5
10 9 82 5
4 9 81 5
7 9 81 5
12 9 88 5
13 9 88 5
4 9 87 5
12 9 87 5
10 9 85 5
3 9 84 5
10 9 84 5
1 9 90 5
6 9 90 5
8 9 90 5
9 9 90 5
2 9 89 5
6 9 89 5
3 9 88 5
5 9 86 5
8 9 86 5
1 9 84 5
4 9 84 5
9 9 84 5
1 9 83 5
9 9 83 5
13 9 83 5
2 9 82 5
3 9 82 5
8 9 82 5
1 9 81 5
6 9 81 5
15 9 81 5
1 9 89 5
12 9 89 5
4 9 88 5
7 9 88 5
3 9 87 5
8 9 87 5
9 9 87 5
8 9 85 5
11 9 85 5
7 9 84 5
15 9 84 5
7 9 83 5
10 9 83 5
4 9 82 5
5 9 82 5
6 9 82 5
5 9 81 5
8 9 81 5
13 9 81 5
4 9 90 5
11 9 90 5
8 9 89 5
1 9 88 5
5 9 88 5
1 9 87 5
2 9 87 5
5 9 87 5
10 9 87 5
14 9 87 5
3 9 85 5
9 9 85 5
13 9 85 5
2 9 84 5
14 9 84 5
2 9 83 5
3 9 83 5
2 9 90 5
10 9 90 5
4 9 89 5
7 9 89 5
10 9 89 5
14 9 89 5
15 9 89 5
9 9 88 5
14 9 88 5
15 9 88 5
15 9 87 5
1 9 86 5
3 9 86 5
4 9 86 5
10 9 86 5
2 9 85 5
7 9 85 5
11 9 84 5
12 9 84 5
14 9 83 5
13 9 82 5
10 9 81 5
12 9 81 5
5 9 90 5
12 9 90 5
15 9 90 5
3 9 89 5
5 9 89 5
13 9 89 5
10 9 88 5
11 9 87 5
6 9 86 5
9 9 86 5
1 9 85 5
4 9 85 5
15 9 85 5
6 9 84 5
8 9 84 5
13 9 84 5
6 9 83 5
8 9 83 5
15 9 83 5
11 9 82 5
12 9 82 5
14 9 82 5
15 9 82 5
9 9 81 5
3 9 90 5
13 9 90 5
14 9 90 5
9 9 89 5
6 9 88 5
8 9 88 5
6 9 87 5
7 9 86 5
13 9 86 5
5 9 85 5
12 9 85 5
5 9 84 5
5 9 83 5
2 9 81 5
3 9 81 5
11 9 81 5
14 9 81 5
13 10 93 1
6 10 92 1
6 10 91 1
15 10 100 1
13 10 99 1
7 10 98 1
8 10 98 1
9 10 98 1
12 10 98 1
13 10 98 1
9 10 97 1
13 10 97 1
14 10 97 1
1 10 96 1
2 10 96 1
10 10 95 1
13 10 95 1
15 10 95 1
8 10 94 1
2 10 93 1
1 10 91 1
5 10 91 1
14 10 92 1
7 10 91 1
11 10 91 1
12 10 91 1
10 10 99 1
11 10 98 1
9 10 95 1
1 10 93 1
11 10 93 1
14 10 93 1
15 10 93 1
1 10 92 1
4 10 92 1
9 10 92 1
15 10 92 1
13 10 91 1
10 10 100 1
14 10 100 1
2 10 99 1
4 10 98 1
15 10 98 1
9 10 96 1
14 10 96 1
6 10 95 1
7 10 94 1
8 10 93 1
10 10 93 1
8 10 91 1
6 10 100 1
12 10 99 1
15 10 99 1
1 10 98 1
3 10 97 1
4 10 97 1
5 10 97 1
6 10 97 1
3 10 95 1
11 10 95 1
14 10 95 1
2 10 94 1
6 10 94 1
3 10 93 1
2 10 92 1
10 10 92 1
12 10 92 1
13 10 92 1
10 10 91 1
14 10 91 1
5 10 100 1
9 10 100 1
13 10 100 1
7 10 99 1
8 10 99 1
3 10 98 1
2 10 97 1
4 10 96 1
5 10 96 1
7 10 96 1
8 10 96 1
4 10 95 1
1 10 94 1
4 10 94 1
12 10 94 1
15 10 94 1
3 10 100 1
7 10 100 1
11 10 100 1
1 10 99 1
3 10 99 1
6 10 99 1
5 10 98 1
10 10 98 1
7 10 97 1
3 10 96 1
12 10 96 1
13 10 96 1
1 10 95 1
5 10 95 1
3 10 94 1
5 10 94 1
9 10 94 1
4 10 93 1
9 10 93 1
3 10 92 1
8 10 92 1
11 10 92 1
9 10 91 1
2 10 100 1
4 10 100 1
8 10 100 1
4 10 99 1
5 10 99 1
9 10 99 1
14 10 99 1
2 10 98 1
6 10 98 1
1 10 97 1
8 10 97 1
10 10 97 1
15 10 97 1
11 10 96 1
15 10 96 1
2 10 95 1
7 10 95 1
14 10 94 1
5 10 93 1
7 10 93 1
12 10 93 1
5 10 92 1
7 10 92 1
2 10 91 1
3 10 91 1
4 10 91 1
15 10 91 1
1 10 100 1
12 10 100 1
11 10 99 1
14 10 98 1
11 10 97 1
12 10 97 1
6 10 96 1
10 10 96 1
8 10 95 1
12 10 95 1
10 10 94 1
11 10 94 1
13 10 94 1
6 10 93 1
27 2 11 2
24 2 20 2
19 2 19 2
20 2 19 2
26 2 19 2
16 2 18 2
21 2 18 2
22 2 18 2
23 2 18 2
20 2 17 2
24 2 17 2
29 2 17 2
19 2 16 2
25 2 16 2
18 2 15 2
18 2 13 2
19 2 13 2
22 2 13 2
16 2 11 2
21 2 11 2
22 2 11 2
26 2 11 2
29 2 18 2
16 2 17 2
17 2 17 2
16 2 16 2
18 2 16 2
16 2 15 2
24 2 15 2
27 2 15 2
18 2 14 2
25 2 13 2
27 2 13 2
18 2 12 2
19 2 12 2
27 2 12 2
28 2 12 2
17 2 11 2
18 2 11 2
20 2 11 2
23 2 11 2
29 2 11 2
16 2 20 2
21 2 20 2
27 2 20 2
29 2 20 2
30 2 20 2
18 2 19 2
17 2 18 2
28 2 18 2
23 2 17 2
27 2 16 2
28 2 16 2
21 2 15 2
23 2 15 2
30 2 15 2
20 2 14 2
29 2 14 2
30 2 14 2
23 2 12 2
23 2 20 2
18 2 17 2
17 2 16 2
21 2 16 2
22 2 16 2
29 2 16 2
19 2 15 2
20 2 15 2
26 2 15 2
28 2 15 2
29 2 15 2
25 2 14 2
26 2 14 2
20 2 13 2
28 2 13 2
30 2 13 2
17 2 12 2
25 2 12 2
29 2 12 2
18 2 18 2
25 2 17 2
20 2 16 2
25 2 15 2
24 2 14 2
20 2 12 2
30 2 12 2
25 2 20 2
17 2 19 2
23 2 19 2
24 2 19 2
27 2 19 2
30 2 19 2
24 2 18 2
26 2 18 2
21 2 17 2
28 2 17 2
30 2 17 2
24 2 16 2
26 2 16 2
16 2 14 2
17 2 14 2
21 2 14 2
22 2 14 2
23 2 14 2
27 2 14 2
17 2 13 2
21 2 13 2
24 2 13 2
29 2 13 2
21 2 12 2
28 2 11 2
22 2 20 2
16 2 19 2
25 2 18 2
22 2 17 2
26 2 17 2
27 2 17 2
23 2 16 2
30 2 16 2
28 2 14 2
23 2 13 2
26 2 13 2
24 2 12 2
19 2 11 2
24 2 11 2
25 2 11 2
30 2 11 2
18 2 20 2
19 2 20 2
28 2 20 2
21 2 19 2
25 2 19 2
28 2 19 2
29 2 19 2
19 2 18 2
27 2 18 2
30 2 18 2
19 2 17 2
17 2 15 2
22 2 15 2
19 2 14 2
16 2 13 2
16 2 12 2
22 2 12 2
26 2 12 2
17 2 20 2
20 2 20 2
26 2 20 2
22 2 19 2
20 2 18 2
19 4 40 4
16 4 39 4
18 4 39 4
23 4 38 4
17 4 37 4
25 4 37 4
17 4 36 4
18 4 36 4
17 4 35 4
21 4 35 4
24 4 35 4
25 4 34 4
26 4 34 4
28 4 34 4
16 4 33 4
18 4 33 4
22 4 33 4
28 4 33 4
23 4 32 4
26 4 32 4
27 4 32 4
21 4 31 4
23 4 35 4
27 4 35 4
20 4 34 4
17 4 33 4
24 4 33 4
27 4 33 4
18 4 32 4
16 4 31 4
19 4 31 4
24 4 31 4
25 4 31 4
26 4 31 4
21 4 40 4
29 4 40 4
20 4 38 4
22 4 38 4
24 4 38 4
29 4 38 4
26 4 35 4
16 4 34 4
27 4 34 4
29 4 33 4
19 4 32 4
21 4 32 4
30 4 32 4
29 4 31 4
30 4 31 4
28 4 40 4
30 4 40 4
25 4 39 4
30 4 39 4
19 4 38 4
21 4 38 4
25 4 38 4
18 4 37 4
24 4 37 4
30 4 37 4
16 4 36 4
19 4 36 4
25 4 36 4
27 4 36 4
29 4 36 4
20 4 35 4
20 4 33 4
30 4 33 4
16 4 32 4
20 4 32 4
17 4 31 4
20 4 31 4
23 4 31 4
17 4 39 4
27 4 39 4
26 4 37 4
26 4 36 4
18 4 35 4
28 4 35 4
29 4 35 4
22 4 34 4
24 4 34 4
25 4 33 4
24 4 32 4
18 4 31 4
28 4 31 4
16 4 40 4
20 4 40 4
23 4 40 4
26 4 40 4
21 4 39 4
23 4 39 4
24 4 39 4
26 4 38 4
27 4 38 4
19 4 37 4
21 4 37 4
29 4 37 4
21 4 36 4
25 4 35 4
28 4 32 4
22 4 31 4
27 4 31 4
18 4 40 4
22 4 40 4
27 4 40 4
22 4 39 4
26 4 39 4
28 4 38 4
30 4 38 4
22 4 37 4
23 4 37 4
23 4 36 4
28 4 36 4
16 4 35 4
18 4 34 4
19 4 34 4
23 4 34 4
29 4 34 4
19 4 33 4
23 4 33 4
17 4 40 4
24 4 40 4
19 4 39 4
20 4 39 4
28 4 39 4
16 4 38 4
18 4 38 4
20 4 37 4
27 4 37 4
28 4 37 4
30 4 36 4
19 4 35 4
30 4 35 4
17 4 34 4
21 4 34 4
30 4 34 4
21 4 33 4
26 4 33 4
17 4 32 4
22 4 32 4
25 4 32 4
29 4 32 4
25 4 40 4
29 4 39 4
17 4 38 4
16 4 37 4
20 4 36 4
22 4 36 4
24 4 36 4
22 4 35 4
27 6 60 3
22 6 59 3
23 6 59 3
30 6 59 3
16 6 58 3
20 6 58 3
21 6 58 3
23 6 58 3
25 6 58 3
26 6 58 3
22 6 57 3
24 6 57 3
25 6 56 3
16 6 55 3
25 6 54 3
28 6 54 3
23 6 53 3
30 6 53 3
18 6 52 3
23 6 52 3
25 6 52 3
28 6 52 3
30 6 52 3
16 6 51 3
23 6 51 3
18 6 59 3
19 6 59 3
24 6 59 3
26 6 59 3
16 6 57 3
17 6 57 3
17 6 55 3
21 6 55 3
23 6 55 3
20 6 54 3
22 6 54 3
28 6 53 3
30 6 51 3
18 6 60 3
29 6 60 3
25 6 59 3
28 6 59 3
24 6 58 3
30 6 58 3
18 6 57 3
21 6 57 3
26 6 56 3
28 6 56 3
29 6 55 3
18 6 54 3
16 6 53 3
21 6 53 3
29 6 53 3
20 6 52 3
20 6 51 3
27 6 51 3
19 6 60 3
21 6 60 3
28 6 57 3
19 6 56 3
29 6 56 3
24 6 55 3
29 6 54 3
26 6 53 3
19 6 52 3
24 6 52 3
16 6 60 3
22 6 60 3
24 6 60 3
16 6 59 3
20 6 59 3
22 6 58 3
23 6 57 3
30 6 57 3
23 6 56 3
20 6 55 3
28 6 55 3
30 6 55 3
18 6 53 3
20 6 53 3
24 6 53 3
16 6 52 3
17 6 52 3
21 6 52 3
22 6 52 3
22 6 51 3
24 6 51 3
29 6 51 3
17 6 60 3
30 6 60 3
27 6 59 3
29 6 59 3
17 6 58 3
28 6 58 3
20 6 57 3
17 6 56 3
18 6 56 3
17 6 54 3
23 6 54 3
25 6 53 3
27 6 52 3
29 6 52 3
17 6 51 3
26 6 51 3
28 6 51 3
20 6 60 3
23 6 60 3
25 6 60 3
17 6 59 3
18 6 58 3
27 6 58 3
29 6 58 3
26 6 57 3
22 6 56 3
27 6 56 3
30 6 56 3
19 6 55 3
22 6 55 3
19 6 54 3
24 6 54 3
27 6 54 3
30 6 54 3
17 6 53 3
22 6 53 3
25 6 51 3
26 6 60 3
28 6 60 3
21 6 59 3
19 6 58 3
19 6 57 3
25 6 57 3
27 6 57 3
29 6 57 3
16 6 56 3
20 6 56 3
21 6 56 3
24 6 56 3
18 6 55 3
25 6 55 3
26 6 55 3
27 6 55 3
16 6 54 3
21 6 54 3
26 6 54 3
19 6 53 3
27 6 53 3
26 6 52 3
18 6 51 3
19 6 51 3
21 6 51 3
21 7 63 4
23 7 63 4
17 7 62 4
18 7 62 4
25 7 62 4
26 7 62 4
22 7 61 4
28 7 61 4
21 7 69 4
25 7 69 4
27 7 69 4
29 7 69 4
17 7 66 4
19 7 66 4
21 7 66 4
23 7 65 4
28 7 65 4
28 7 63 4
30 7 63 4
19 7 62 4
23 7 61 4
24 7 61 4
30 7 61 4
17 7 69 4
28 7 68 4
26 7 67 4
28 7 67 4
27 7 66 4
28 7 66 4
30 7 66 4
19 7 65 4
18 7 64 4
22 7 63 4
18 7 61 4
19 7 70 4
20 7 70 4
16 7 69 4
19 7 69 4
22 7 69 4
23 7 69 4
22 7 68 4
23 7 68 4
23 7 67 4
25 7 67 4
24 7 66 4
26 7 66 4
29 7 65 4
16 7 64 4
24 7 64 4
25 7 64 4
26 7 64 4
27 7 63 4
16 7 62 4
29 7 62 4
20 7 61 4
21 7 61 4
16 7 70 4
22 7 70 4
24 7 69 4
28 7 69 4
30 7 69 4
21 7 68 4
29 7 68 4
24 7 67 4
27 7 67 4
20 7 66 4
17 7 65 4
21 7 65 4
30 7 65 4
19 7 64 4
26 7 63 4
22 7 62 4
17 7 61 4
17 7 70 4
21 7 70 4
24 7 70 4
18 7 69 4
19 7 68 4
24 7 68 4
26 7 68 4
30 7 68 4
19 7 67 4
23 7 66 4
16 7 65 4
21 7 64 4
29 7 64 4
30 7 70 4
17 7 68 4
18 7 67 4
20 7 67 4
29 7 67 4
22 7 66 4
17 7 64 4
23 7 64 4
16 7 63 4
19 7 63 4
29 7 63 4
20 7 62 4
21 7 62 4
27 7 62 4
25 7 61 4
27 7 70 4
28 7 70 4
29 7 70 4
26 7 69 4
27 7 68 4
16 7 67 4
17 7 67 4
16 7 66 4
18 7 66 4
18 7 65 4
24 7 65 4
27 7 65 4
22 7 64 4
27 7 64 4
28 7 64 4
30 7 64 4
17 7 63 4
24 7 63 4
25 7 63 4
28 7 62 4
26 7 61 4
27 7 61 4
29 7 61 4
18 7 70 4
23 7 70 4
25 7 70 4
26 7 70 4
20 7 69 4
16 7 68 4
18 7 68 4
20 7 68 4
25 7 68 4
21 7 67 4
22 7 67 4
30 7 67 4
25 7 66 4
29 7 66 4
20 7 65 4
22 7 65 4
25 7 65 4
26 7 65 4
20 7 64 4
18 7 63 4
20 7 63 4
23 7 62 4
24 7 62 4
30 7 62 4
16 7 61 4
19 7 61 4
17 8 72 2
20 8 71 2
24 8 71 2
25 8 71 2
30 8 71 2
26 8 79 2
16 8 77 2
22 8 77 2
23 8 77 2
27 8 76 2
28 8 76 2
23 8 74 2
25 8 74 2
19 8 73 2
23 8 73 2
24 8 73 2
30 8 73 2
22 8 72 2
23 8 72 2
16 8 71 2
23 8 71 2
28 8 71 2
19 8 79 2
21 8 79 2
23 8 79 2
24 8 78 2
26 8 78 2
19 8 77 2
21 8 77 2
24 8 77 2
27 8 77 2
28 8 77 2
20 8 76 2
16 8 75 2
19 8 75 2
26 8 75 2
22 8 74 2
26 8 74 2
27 8 74 2
16 8 73 2
20 8 73 2
27 8 73 2
28 8 73 2
16 8 72 2
19 8 72 2
20 8 72 2
29 8 72 2
17 8 71 2
16 8 80 2
24 8 80 2
22 8 79 2
24 8 79 2
21 8 78 2
28 8 78 2
29 8 78 2
18 8 77 2
20 8 77 2
18 8 76 2
21 8 76 2
24 8 75 2
29 8 75 2
16 8 74 2
20 8 74 2
25 8 73 2
29 8 73 2
25 8 72 2
27 8 72 2
28 8 72 2
30 8 72 2
27 8 71 2
23 8 80 2
25 8 79 2
30 8 79 2
16 8 78 2
23 8 78 2
27 8 78 2
26 8 77 2
19 8 76 2
22 8 76 2
26 8 76 2
27 8 75 2
30 8 75 2
21 8 74 2
24 8 74 2
28 8 74 2
22 8 73 2
17 8 80 2
29 8 80 2
30 8 80 2
17 8 79 2
17 8 78 2
29 8 77 2
17 8 76 2
23 8 76 2
24 8 76 2
29 8 76 2
17 8 75 2
19 8 74 2
17 8 73 2
18 8 71 2
21 8 71 2
26 8 71 2
29 8 71 2
20 8 80 2
25 8 80 2
16 8 79 2
19 8 78 2
30 8 78 2
17 8 77 2
16 8 76 2
25 8 76 2
30 8 76 2
18 8 75 2
25 8 75 2
28 8 75 2
21 8 73 2
26 8 73 2
21 8 72 2
24 8 72 2
19 8 80 2
28 8 80 2
20 8 79 2
28 8 79 2
29 8 79 2
20 8 78 2
22 8 78 2
25 8 78 2
25 8 77 2
30 8 77 2
20 8 75 2
21 8 75 2
23 8 75 2
17 8 74 2
30 8 74 2
22 8 71 2
18 8 80 2
21 8 80 2
18 8 79 2
27 8 79 2
18 8 78 2
22 8 75 2
18 8 74 2
29 8 74 2
18 8 73 2
18 8 72 2
26 8 72 2
19 8 71 2
22 8 80 2
26 8 80 2
27 8 80 2
22 9 82 5
24 9 82 5
30 9 82 5
16 9 81 5
17 9 90 5
23 9 90 5
27 9 90 5
30 9 90 5
21 9 89 5
27 9 89 5
28 9 89 5
29 9 89 5
21 9 88 5
25 9 88 5
16 9 87 5
18 9 87 5
17 9 85 5
20 9 84 5
30 9 84 5
25 9 82 5
21 9 81 5
25 9 81 5
16 9 85 5
18 9 83 5
20 9 83 5
21 9 83 5
19 9 82 5
26 9 82 5
17 9 81 5
18 9 81 5
22 9 81 5
30 9 81 5
22 9 90 5
24 9 90 5
29 9 90 5
16 9 88 5
23 9 88 5
20 9 86 5
21 9 86 5
27 9 86 5
20 9 85 5
23 9 85 5
24 9 85 5
26 9 83 5
30 9 83 5
29 9 82 5
29 9 81 5
21 9 90 5
28 9 90 5
17 9 89 5
18 9 89 5
18 9 88 5
22 9 88 5
27 9 88 5
29 9 88 5
30 9 87 5
16 9 86 5
23 9 86 5
24 9 86 5
18 9 85 5
18 9 84 5
21 9 84 5
23 9 84 5
26 9 84 5
28 9 83 5
17 9 82 5
20 9 82 5
21 9 82 5
19 9 89 5
22 9 89 5
25 9 89 5
30 9 89 5
17 9 88 5
20 9 87 5
17 9 86 5
28 9 86 5
29 9 86 5
30 9 86 5
21 9 85 5
17 9 84 5
25 9 84 5
17 9 83 5
22 9 83 5
23 9 83 5
27 9 83 5
16 9 82 5
18 9 90 5
16 9 89 5
19 9 88 5
26 9 88 5
23 9 87 5
24 9 87 5
26 9 87 5
29 9 87 5
22 9 86 5
26 9 86 5
19 9 85 5
19 9 84 5
19 9 83 5
24 9 83 5
25 9 83 5
18 9 82 5
23 9 82 5
23 9 81 5
28 9 81 5
26 9 90 5
24 9 89 5
20 9 88 5
30 9 88 5
19 9 87 5
21 9 87 5
25 9 86 5
22 9 85 5
28 9 85 5
29 9 85 5
16 9 84 5
27 9 84 5
29 9 84 5
16 9 83 5
29 9 83 5
27 9 82 5
20 9 81 5
27 9 81 5
16 9 90 5
19 9 90 5
20 9 90 5
25 9 90 5
20 9 89 5
26 9 89 5
28 9 88 5
17 9 87 5
28 9 87 5
19 9 86 5
25 9 85 5
26 9 85 5
27 9 85 5
30 9 85 5
22 9 84 5
24 9 84 5
28 9 84 5
28 9 82 5
19 9 81 5
24 9 81 5
26 9 81 5
23 9 89 5
24 9 88 5
22 9 87 5
25 9 87 5
27 9 87 5
18 9 86 5
23 10 95 1
27 10 95 1
18 10 93 1
20 10 92 1
25 10 92 1
27 10 92 1
21 10 91 1
30 10 100 1
27 10 98 1
27 10 96 1
25 10 95 1
17 10 94 1
19 10 94 1
28 10 94 1
21 10 93 1
27 10 93 1
17 10 92 1
21 10 92 1
22 10 92 1
23 10 92 1
27 10 91 1
30 10 91 1
20 10 96 1
30 10 96 1
24 10 95 1
29 10 95 1
26 10 94 1
19 10 93 1
20 10 93 1
30 10 93 1
19 10 92 1
29 10 92 1
20 10 91 1
22 10 91 1
17 10 99 1
19 10 99 1
22 10 97 1
26 10 97 1
27 10 97 1
17 10 96 1
18 10 96 1
19 10 96 1
23 10 96 1
24 10 96 1
18 10 95 1
19 10 95 1
22 10 95 1
16 10 94 1
21 10 94 1
24 10 94 1
19 10 91 1
21 10 100 1
16 10 99 1
29 10 99 1
17 10 98 1
21 10 98 1
22 10 98 1
17 10 97 1
20 10 97 1
24 10 97 1
25 10 96 1
28 10 96 1
17 10 95 1
20 10 95 1
28 10 95 1
29 10 94 1
30 10 94 1
16 10 93 1
17 10 93 1
23 10 93 1
24 10 93 1
26 10 93 1
29 10 93 1
24 10 92 1
30 10 92 1
17 10 91 1
23 10 91 1
26 10 91 1
17 10 100 1
25 10 100 1
20 10 99 1
25 10 98 1
30 10 98 1
29 10 97 1
21 10 96 1
16 10 95 1
19 10 100 1
23 10 100 1
23 10 99 1
30 10 99 1
16 10 98 1
23 10 98 1
26 10 98 1
28 10 98 1
16 10 97 1
23 10 97 1
28 10 97 1
22 10 96 1
30 10 95 1
20 10 94 1
22 10 94 1
25 10 94 1
28 10 93 1
16 10 92 1
26 10 92 1
28 10 92 1
16 10 91 1
18 10 91 1
28 10 91 1
18 10 100 1
20 10 100 1
28 10 100 1
18 10 99 1
20 10 98 1
24 10 98 1
29 10 98 1
21 10 97 1
30 10 97 1
29 10 96 1
18 10 94 1
27 10 94 1
22 10 93 1
18 10 92 1
16 10 100 1
22 10 100 1
24 10 100 1
29 10 100 1
22 10 99 1
25 10 99 1
27 10 99 1
18 10 98 1
19 10 98 1
18 10 97 1
19 10 97 1
16 10 96 1
26 10 96 1
21 10 95 1
26 10 95 1
23 10 94 1
25 10 93 1
24 10 91 1
25 10 91 1
29 10 91 1
26 10 100 1
27 10 100 1
21 10 99 1
24 10 99 1
26 10 99 1
28 10 99 1
25 10 97 1
39 3 23 3
36 3 21 3
37 3 21 3
36 3 30 3
31 3 29 3
37 3 28 3
45 3 28 3
32 3 27 3
37 3 27 3
43 3 27 3
39 3 26 3
35 3 25 3
38 3 25 3
40 3 25 3
45 3 25 3
44 3 24 3
41 3 23 3
44 3 23 3
41 3 22 3
44 3 22 3
35 3 21 3
44 3 21 3
43 3 24 3
43 3 23 3
34 3 22 3
37 3 22 3
43 3 22 3
32 3 21 3
39 3 30 3
41 3 30 3
45 3 30 3
33 3 29 3
40 3 29 3
44 3 29 3
32 3 28 3
33 3 28 3
34 3 28 3
35 3 28 3
41 3 28 3
43 3 28 3
40 3 27 3
34 3 26 3
37 3 25 3
31 3 24 3
40 3 24 3
33 3 23 3
38 3 23 3
32 3 22 3
36 3 22 3
42 3 22 3
31 3 21 3
40 3 21 3
43 3 21 3
45 3 21 3
37 3 30 3
39 3 28 3
45 3 27 3
33 3 25 3
44 3 25 3
34 3 24 3
36 3 24 3
37 3 24 3
38 3 24 3
42 3 24 3
32 3 23 3
35 3 23 3
42 3 23 3
38 3 22 3
45 3 22 3
32 3 30 3
32 3 29 3
44 3 28 3
35 3 27 3
36 3 27 3
33 3 26 3
35 3 26 3
37 3 26 3
40 3 26 3
42 3 26 3
43 3 26 3
45 3 26 3
31 3 25 3
34 3 25 3
41 3 25 3
35 3 24 3
31 3 23 3
42 3 30 3
37 3 29 3
38 3 29 3
40 3 28 3
38 3 27 3
38 3 26 3
42 3 25 3
34 3 23 3
33 3 22 3
33 3 21 3
38 3 21 3
39 3 21 3
41 3 21 3
34 3 30 3
35 3 30 3
44 3 30 3
34 3 29 3
36 3 28 3
34 3 27 3
39 3 27 3
41 3 27 3
42 3 27 3
44 3 27 3
31 3 26 3
32 3 26 3
36 3 26 3
41 3 26 3
44 3 26 3
32 3 25 3
36 3 25 3
43 3 25 3
32 3 24 3
33 3 24 3
39 3 24 3
45 3 24 3
36 3 23 3
45 3 23 3
39 3 22 3
40 3 22 3
31 3 30 3
38 3 30 3
40 3 30 3
41 3 29 3
42 3 29 3
38 3 28 3
39 3 25 3
41 3 24 3
37 3 23 3
40 3 23 3
31 3 22 3
35 3 22 3
34 3 21 3
42 3 21 3
33 3 30 3
43 3 30 3
35 3 29 3
36 3 29 3
39 3 29 3
43 3 29 3
45 3 29 3
31 3 28 3
42 3 28 3
31 3 27 3
33 3 27 3
37 5 49 5
43 5 49 5
45 5 49 5
33 5 48 5
34 5 48 5
36 5 48 5
38 5 48 5
43 5 48 5
38 5 46 5
33 5 45 5
37 5 45 5
39 5 45 5
44 5 45 5
31 5 44 5
37 5 44 5
32 5 43 5
41 5 43 5
31 5 42 5
37 5 42 5
34 5 41 5
37 5 41 5
43 5 41 5
36 5 42 5
41 5 42 5
40 5 41 5
39 5 50 5
45 5 50 5
34 5 49 5
38 5 49 5
39 5 49 5
44 5 49 5
31 5 47 5
37 5 47 5
31 5 46 5
32 5 46 5
39 5 46 5
38 5 45 5
40 5 45 5
42 5 45 5
44 5 44 5
45 5 43 5
35 5 42 5
39 5 42 5
31 5 41 5
32 5 41 5
42 5 41 5
44 5 41 5
42 5 50 5
40 5 49 5
31 5 48 5
35 5 48 5
36 5 47 5
40 5 47 5
41 5 47 5
44 5 47 5
32 5 45 5
41 5 45 5
32 5 44 5
31 5 43 5
32 5 42 5
38 5 42 5
44 5 42 5
45 5 42 5
39 5 41 5
45 5 41 5
38 5 50 5
37 5 48 5
40 5 48 5
41 5 48 5
32 5 47 5
35 5 47 5
33 5 46 5
35 5 45 5
33 5 44 5
37 5 43 5
38 5 43 5
40 5 43 5
42 5 43 5
44 5 43 5
43 5 42 5
41 5 41 5
31 5 50 5
33 5 50 5
41 5 50 5
33 5 49 5
35 5 49 5
34 5 50 5
36 5 50 5
37 5 50 5
42 5 49 5
32 5 48 5
42 5 48 5
44 5 48 5
43 5 47 5
45 5 47 5
35 5 46 5
43 5 45 5
45 5 45 5
38 5 44 5
34 5 43 5
35 5 43 5
42 5 42 5
35 5 41 5
40 5 50 5
44 5 50 5
41 5 49 5
39 5 48 5
34 5 47 5
39 5 47 5
36 5 46 5
37 5 46 5
40 5 46 5
42 5 46 5
34 5 44 5
36 5 44 5
45 5 44 5
39 5 43 5
43 5 43 5
36 5 41 5
32 5 49 5
33 5 47 5
42 5 47 5
34 5 46 5
43 5 46 5
44 5 46 5
36 5 45 5
39 5 44 5
40 5 44 5
43 5 44 5
40 5 42 5
33 5 41 5
38 5 41 5
32 5 50 5
35 5 50 5
43 5 50 5
31 5 49 5
36 5 49 5
45 5 48 5
38 5 47 5
41 5 46 5
45 5 46 5
31 5 45 5
34 5 45 5
35 5 44 5
41 5 44 5
42 5 44 5
33 5 43 5
36 5 43 5
33 5 42 5
34 5 42 5
36 6 60 3
37 6 60 3
44 6 60 3
35 6 59 3
41 6 59 3
44 6 59 3
33 6 58 3
34 6 58 3
37 6 58 3
36 6 57 3
38 6 57 3
32 6 56 3
36 6 56 3
36 6 55 3
37 6 55 3
39 6 55 3
42 6 55 3
33 6 54 3
34 6 54 3
40 6 54 3
43 6 53 3
45 6 53 3
38 6 52 3
44 6 52 3
40 6 60 3
45 6 60 3
34 6 59 3
37 6 59 3
35 6 58 3
45 6 58 3
32 6 55 3
35 6 54 3
36 6 54 3
42 6 54 3
36 6 53 3
41 6 53 3
32 6 52 3
37 6 52 3
40 6 52 3
40 6 51 3
41 6 51 3
43 6 51 3
32 6 60 3
31 6 59 3
36 6 58 3
31 6 57 3
34 6 57 3
39 6 57 3
42 6 57 3
37 6 56 3
41 6 56 3
38 6 55 3
31 6 54 3
37 6 54 3
38 6 54 3
39 6 54 3
40 6 53 3
33 6 52 3
34 6 51 3
36 6 51 3
42 6 51 3
31 6 60 3
33 6 60 3
35 6 60 3
43 6 60 3
32 6 59 3
39 6 59 3
43 6 59 3
32 6 58 3
38 6 58 3
33 6 57 3
37 6 57 3
35 6 56 3
40 6 56 3
35 6 55 3
45 6 55 3
32 6 54 3
41 6 54 3
37 6 53 3
36 6 52 3
42 6 52 3
43 6 52 3
33 6 51 3
45 6 51 3
42 6 59 3
31 6 58 3
41 6 58 3
35 6 57 3
40 6 57 3
43 6 57 3
34 6 56 3
31 6 55 3
44 6 55 3
31 6 53 3
35 6 51 3
39 6 51 3
34 6 60 3
41 6 60 3
42 6 60 3
36 6 59 3
45 6 59 3
43 6 58 3
32 6 57 3
43 6 56 3
44 6 56 3
33 6 55 3
34 6 55 3
41 6 55 3
43 6 55 3
43 6 54 3
45 6 54 3
33 6 53 3
34 6 53 3
44 6 53 3
34 6 52 3
35 6 52 3
41 6 52 3
31 6 51 3
37 6 51 3
38 6 60 3
39 6 60 3
33 6 59 3
38 6 59 3
40 6 58 3
41 6 57 3
31 6 56 3
33 6 56 3
38 6 56 3
45 6 56 3
35 6 53 3
38 6 53 3
39 6 52 3
38 6 51 3
40 6 59 3
39 6 58 3
42 6 58 3
44 6 58 3
44 6 57 3
45 6 57 3
39 6 56 3
42 6 56 3
40 6 55 3
44 6 54 3
32 6 53 3
39 6 53 3
42 6 53 3
31 6 52 3
45 6 52 3
32 6 51 3
44 6 51 3
35 7 62 4
40 7 61 4
31 7 70 4
40 7 70 4
45 7 70 4
43 7 69 4
34 7 68 4
44 7 68 4
37 7 67 4
38 7 67 4
41 7 66 4
35 7 65 4
31 7 64 4
37 7 64 4
38 7 64 4
40 7 64 4
42 7 64 4
42 7 63 4
44 7 63 4
41 7 62 4
44 7 62 4
36 7 61 4
41 7 64 4
45 7 64 4
39 7 63 4
40 7 63 4
31 7 62 4
33 7 62 4
32 7 69 4
40 7 69 4
42 7 69 4
32 7 68 4
40 7 68 4
41 7 68 4
45 7 68 4
33 7 67 4
35 7 67 4
33 7 66 4
34 7 66 4
40 7 66 4
42 7 66 4
43 7 66 4
31 7 65 4
36 7 65 4
38 7 65 4
44 7 65 4
45 7 65 4
33 7 64 4
34 7 64 4
39 7 64 4
32 7 63 4
36 7 62 4
37 7 62 4
42 7 62 4
32 7 70 4
36 7 70 4
31 7 69 4
34 7 69 4
31 7 67 4
34 7 67 4
41 7 67 4
31 7 66 4
41 7 65 4
44 7 64 4
35 7 63 4
38 7 63 4
41 7 63 4
43 7 63 4
45 7 63 4
39 7 62 4
35 7 61 4
44 7 61 4
34 7 70 4
38 7 70 4
43 7 70 4
36 7 69 4
45 7 69 4
36 7 68 4
36 7 67 4
45 7 67 4
35 7 66 4
39 7 66 4
43 7 65 4
36 7 64 4
43 7 64 4
31 7 63 4
39 7 70 4
42 7 70 4
33 7 69 4
44 7 69 4
31 7 68 4
37 7 68 4
43 7 68 4
43 7 67 4
44 7 67 4
32 7 65 4
33 7 65 4
37 7 65 4
42 7 65 4
33 7 63 4
32 7 62 4
38 7 62 4
31 7 61 4
32 7 61 4
42 7 61 4
43 7 61 4
45 7 61 4
44 7 70 4
37 7 69 4
38 7 69 4
33 7 68 4
32 7 66 4
36 7 66 4
45 7 66 4
35 7 64 4
34 7 63 4
36 7 63 4
37 7 63 4
43 7 62 4
33 7 61 4
34 7 61 4
39 7 61 4
41 7 61 4
41 7 70 4
35 7 69 4
39 7 69 4
41 7 69 4
35 7 68 4
38 7 68 4
42 7 68 4
32 7 67 4
44 7 66 4
40 7 65 4
34 7 62 4
40 7 62 4
45 7 62 4
37 7 61 4
38 7 61 4
33 7 70 4
35 7 70 4
37 7 70 4
39 7 68 4
39 7 67 4
40 7 67 4
42 7 67 4
37 7 66 4
38 7 66 4
34 7 65 4
39 7 65 4
32 7 64 4
36 8 72 2
39 8 72 2
41 8 72 2
42 8 72 2
44 8 72 2
45 8 71 2
33 8 80 2
43 8 80 2
35 8 79 2
41 8 79 2
43 8 79 2
33 8 78 2
32 8 77 2
45 8 76 2
31 8 75 2
33 8 75 2
34 8 74 2
36 8 74 2
35 8 73 2
44 8 73 2
35 8 72 2
43 8 72 2
44 8 79 2
34 8 78 2
36 8 78 2
39 8 78 2
40 8 78 2
41 8 78 2
42 8 78 2
43 8 78 2
31 8 77 2
36 8 77 2
42 8 77 2
40 8 76 2
43 8 76 2
42 8 75 2
35 8 74 2
39 8 74 2
31 8 73 2
43 8 73 2
45 8 73 2
37 8 72 2
40 8 72 2
38 8 71 2
43 8 71 2
39 8 80 2
45 8 80 2
33 8 79 2
37 8 78 2
37 8 77 2
43 8 77 2
44 8 77 2
31 8 76 2
35 8 76 2
38 8 76 2
39 8 76 2
42 8 76 2
37 8 75 2
37 8 74 2
38 8 74 2
43 8 74 2
45 8 74 2
38 8 73 2
45 8 72 2
32 8 71 2
34 8 71 2
41 8 71 2
44 8 71 2
37 8 80 2
32 8 79 2
42 8 79 2
45 8 79 2
35 8 78 2
38 8 78 2
45 8 78 2
38 8 77 2
40 8 77 2
37 8 76 2
41 8 76 2
44 8 76 2
35 8 75 2
39 8 75 2
44 8 75 2
32 8 74 2
37 8 73 2
33 8 72 2
38 8 80 2
40 8 80 2
33 8 77 2
34 8 77 2
35 8 77 2
45 8 77 2
32 8 76 2
45 8 75 2
41 8 74 2
44 8 74 2
34 8 73 2
36 8 73 2
34 8 72 2
33 8 71 2
39 8 71 2
40 8 71 2
34 8 80 2
36 8 80 2
41 8 80 2
39 8 79 2
31 8 78 2
32 8 78 2
33 8 76 2
34 8 76 2
38 8 75 2
41 8 75 2
43 8 75 2
33 8 73 2
40 8 73 2
42 8 71 2
42 8 80 2
44 8 80 2
34 8 79 2
44 8 78 2
39 8 77 2
36 8 76 2
32 8 75 2
40 8 75 2
33 8 74 2
40 8 74 2
39 8 73 2
42 8 73 2
32 8 72 2
31 8 71 2
35 8 71 2
37 8 71 2
31 8 79 2
37 8 79 2
40 8 79 2
41 8 77 2
34 8 75 2
36 8 75 2
31 8 74 2
42 8 74 2
32 8 73 2
41 8 73 2
31 8 72 2
38 8 72 2
36 8 71 2
31 8 80 2
32 8 80 2
35 8 80 2
36 8 79 2
38 8 79 2
40 9 84 5
42 9 83 5
38 9 82 5
38 9 81 5
36 9 90 5
43 9 90 5
44 9 90 5
45 9 88 5
31 9 87 5
40 9 87 5
44 9 87 5
42 9 86 5
43 9 86 5
32 9 84 5
33 9 84 5
33 9 83 5
39 9 83 5
45 9 83 5
31 9 82 5
36 9 82 5
41 9 82 5
40 9 81 5
37 9 90 5
36 9 89 5
39 9 89 5
40 9 89 5
42 9 89 5
44 9 88 5
32 9 87 5
34 9 87 5
38 9 86 5
41 9 86 5
45 9 86 5
34 9 85 5
37 9 84 5
39 9 84 5
42 9 84 5
45 9 84 5
36 9 83 5
43 9 83 5
31 9 81 5
31 9 90 5
40 9 90 5
35 9 89 5
32 9 88 5
37 9 88 5
38 9 87 5
36 9 86 5
40 9 86 5
44 9 85 5
40 9 83 5
44 9 83 5
34 9 82 5
37 9 82 5
42 9 82 5
32 9 81 5
33 9 81 5
37 9 81 5
41 9 90 5
45 9 90 5
33 9 88 5
34 9 88 5
41 9 88 5
36 9 87 5
37 9 87 5
42 9 87 5
44 9 86 5
38 9 85 5
45 9 85 5
34 9 84 5
41 9 84 5
32 9 83 5
40 9 82 5
45 9 82 5
44 9 81 5
39 9 88 5
40 9 88 5
33 9 87 5
35 9 87 5
31 9 86 5
31 9 85 5
35 9 85 5
39 9 85 5
31 9 84 5
35 9 84 5
36 9 84 5
42 9 90 5
31 9 89 5
33 9 89 5
41 9 89 5
35 9 88 5
43 9 88 5
39 9 87 5
41 9 87 5
35 9 86 5
43 9 84 5
44 9 84 5
31 9 83 5
35 9 82 5
43 9 82 5
35 9 81 5
39 9 81 5
32 9 90 5
33 9 90 5
34 9 90 5
39 9 90 5
45 9 89 5
31 9 88 5
36 9 88 5
38 9 88 5
42 9 88 5
32 9 86 5
34 9 86 5
32 9 85 5
33 9 85 5
36 9 85 5
40 9 85 5
41 9 85 5
42 9 85 5
43 9 85 5
38 9 84 5
35 9 83 5
37 9 83 5
39 9 82 5
44 9 82 5
36 9 81 5
41 9 81 5
42 9 81 5
43 9 81 5
38 9 90 5
32 9 89 5
34 9 89 5
37 9 89 5
38 9 89 5
43 9 89 5
44 9 89 5
43 9 87 5
45 9 87 5
33 9 86 5
37 9 86 5
39 9 86 5
37 9 85 5
34 9 83 5
38 9 83 5
41 9 83 5
32 9 82 5
33 9 82 5
34 9 81 5
45 9 81 5
35 9 90 5
38 10 97 1
41 10 97 1
41 10 96 1
31 10 94 1
38 10 94 1
43 10 94 1
38 10 93 1
42 10 93 1
37 10 92 1
45 10 92 1
43 10 91 1
32 10 100 1
38 10 100 1
42 10 99 1
43 10 98 1
43 10 97 1
38 10 96 1
34 10 95 1
44 10 95 1
35 10 94 1
37 10 94 1
33 10 93 1
33 10 92 1
43 10 92 1
31 10 91 1
42 10 91 1
44 10 91 1
31 10 100 1
33 10 100 1
37 10 100 1
43 10 99 1
45 10 99 1
39 10 98 1
40 10 98 1
45 10 98 1
33 10 97 1
34 10 96 1
37 10 96 1
40 10 95 1
44 10 94 1
45 10 94 1
39 10 93 1
31 10 92 1
39 10 92 1
41 10 92 1
33 10 91 1
36 10 91 1
40 10 91 1
41 10 91 1
32 10 99 1
44 10 99 1
33 10 98 1
31 10 97 1
32 10 97 1
42 10 97 1
45 10 97 1
31 10 96 1
36 10 96 1
40 10 96 1
44 10 96 1
32 10 94 1
43 10 93 1
34 10 92 1
35 10 92 1
38 10 92 1
42 10 92 1
44 10 92 1
38 10 91 1
39 10 91 1
36 10 100 1
41 10 100 1
31 10 98 1
36 10 97 1
44 10 97 1
43 10 96 1
33 10 95 1
41 10 94 1
34 10 93 1
45 10 93 1
35 10 91 1
39 10 100 1
40 10 100 1
43 10 100 1
37 10 99 1
39 10 99 1
37 10 97 1
34 10 100 1
35 10 100 1
42 10 100 1
44 10 100 1
33 10 99 1
34 10 99 1
38 10 99 1
40 10 99 1
41 10 99 1
35 10 98 1
36 10 98 1
42 10 98 1
39 10 97 1
32 10 96 1
42 10 96 1
32 10 95 1
37 10 95 1
38 10 95 1
43 10 95 1
45 10 95 1
34 10 94 1
42 10 94 1
32 10 93 1
37 10 93 1
32 10 92 1
40 10 92 1
32 10 91 1
45 10 91 1
45 10 100 1
35 10 99 1
38 10 98 1
41 10 98 1
34 10 97 1
35 10 96 1
39 10 96 1
39 10 95 1
41 10 95 1
33 10 94 1
39 10 94 1
40 10 93 1
36 10 92 1
34 10 91 1
37 10 91 1
31 10 99 1
36 10 99 1
32 10 98 1
34 10 98 1
37 10 98 1
44 10 98 1
35 10 97 1
40 10 97 1
33 10 96 1
45 10 96 1
31 10 95 1
35 10 95 1
36 10 95 1
42 10 95 1
36 10 94 1
40 10 94 1
31 10 93 1
35 10 93 1
36 10 93 1
41 10 93 1
44 10 93 1
53 4 40 4
57 4 40 4
50 4 39 4
53 4 39 4
49 4 38 4
58 4 38 4
53 4 37 4
56 4 37 4
52 4 36 4
57 4 36 4
59 4 36 4
57 4 35 4
51 4 34 4
53 4 34 4
47 4 33 4
55 4 33 4
58 4 33 4
60 4 33 4
58 4 32 4
47 4 31 4
49 4 31 4
58 4 31 4
53 4 35 4
49 4 34 4
59 4 34 4
57 4 33 4
46 4 32 4
48 4 32 4
52 4 32 4
56 4 32 4
54 4 31 4
52 4 40 4
58 4 40 4
46 4 39 4
58 4 39 4
59 4 38 4
60 4 38 4
58 4 37 4
46 4 36 4
55 4 36 4
46 4 35 4
54 4 35 4
48 4 34 4
57 4 34 4
58 4 34 4
52 4 33 4
55 4 32 4
60 4 32 4
48 4 31 4
50 4 31 4
52 4 31 4
51 4 40 4
60 4 40 4
51 4 39 4
55 4 38 4
51 4 37 4
49 4 36 4
53 4 36 4
47 4 35 4
49 4 35 4
60 4 35 4
47 4 34 4
50 4 34 4
52 4 34 4
54 4 34 4
60 4 34 4
51 4 33 4
56 4 33 4
47 4 32 4
49 4 32 4
55 4 31 4
54 4 40 4
48 4 39 4
51 4 38 4
54 4 38 4
46 4 37 4
47 4 37 4
52 4 37 4
57 4 37 4
47 4 36 4
50 4 35 4
48 4 33 4
54 4 33 4
51 4 32 4
56 4 31 4
57 4 31 4
59 4 39 4
48 4 38 4
53 4 38 4
57 4 38 4
48 4 36 4
50 4 36 4
51 4 36 4
54 4 36 4
56 4 36 4
60 4 36 4
51 4 35 4
52 4 35 4
56 4 35 4
59 4 35 4
46 4 34 4
46 4 33 4
49 4 33 4
50 4 33 4
57 4 32 4
46 4 31 4
46 4 40 4
49 4 40 4
55 4 40 4
47 4 39 4
54 4 39 4
60 4 39 4
52 4 38 4
50 4 37 4
58 4 35 4
53 4 33 4
59 4 33 4
50 4 32 4
53 4 32 4
51 4 31 4
53 4 31 4
59 4 31 4
60 4 31 4
48 4 40 4
50 4 40 4
59 4 40 4
49 4 39 4
57 4 39 4
46 4 38 4
56 4 38 4
49 4 37 4
54 4 37 4
55 4 37 4
59 4 37 4
60 4 37 4
55 4 35 4
55 4 34 4
56 4 34 4
54 4 32 4
59 4 32 4
47 4 40 4
56 4 40 4
52 4 39 4
55 4 39 4
56 4 39 4
47 4 38 4
50 4 38 4
48 4 37 4
58 4 36 4
48 4 35 4
59 8 76 2
46 8 75 2
50 8 75 2
59 8 75 2
60 8 73 2
48 8 72 2
52 8 72 2
56 8 72 2
49 8 71 2
54 8 71 2
55 8 71 2
53 8 80 2
56 8 80 2
52 8 77 2
53 8 77 2
47 8 74 2
48 8 74 2
53 8 73 2
54 8 73 2
49 8 72 2
52 8 71 2
53 8 71 2
53 8 72 2
51 8 71 2
57 8 71 2
46 8 80 2
47 8 80 2
50 8 80 2
49 8 79 2
56 8 79 2
58 8 79 2
58 8 78 2
60 8 78 2
57 8 76 2
60 8 76 2
57 8 74 2
57 8 73 2
58 8 73 2
54 8 72 2
46 8 71 2
56 8 71 2
47 8 79 2
48 8 79 2
52 8 79 2
60 8 79 2
50 8 78 2
56 8 78 2
57 8 78 2
50 8 77 2
59 8 77 2
52 8 76 2
53 8 76 2
57 8 75 2
51 8 74 2
51 8 73 2
59 8 73 2
55 8 72 2
57 8 72 2
58 8 72 2
60 8 72 2
52 8 80 2
57 8 80 2
53 8 79 2
55 8 79 2
49 8 78 2
59 8 78 2
54 8 77 2
55 8 77 2
47 8 76 2
47 8 75 2
56 8 75 2
58 8 75 2
46 8 74 2
50 8 74 2
56 8 74 2
55 8 73 2
50 8 71 2
58 8 71 2
59 8 71 2
59 8 80 2
54 8 79 2
55 8 78 2
48 8 77 2
55 8 76 2
56 8 76 2
58 8 76 2
58 8 80 2
46 8 79 2
50 8 79 2
51 8 79 2
47 8 78 2
48 8 78 2
47 8 77 2
56 8 77 2
60 8 77 2
50 8 76 2
48 8 75 2
49 8 75 2
53 8 75 2
54 8 75 2
55 8 74 2
52 8 73 2
50 8 72 2
51 8 72 2
59 8 72 2
47 8 71 2
48 8 71 2
49 8 80 2
51 8 80 2
54 8 80 2
55 8 80 2
60 8 80 2
51 8 78 2
52 8 78 2
53 8 78 2
49 8 77 2
51 8 77 2
58 8 77 2
49 8 76 2
54 8 76 2
52 8 75 2
55 8 75 2
53 8 74 2
54 8 74 2
59 8 74 2
60 8 74 2
48 8 73 2
56 8 73 2
46 8 72 2
47 8 72 2
60 8 71 2
48 8 80 2
57 8 79 2
59 8 79 2
46 8 78 2
54 8 78 2
46 8 77 2
57 8 77 2
46 8 76 2
48 8 76 2
51 8 76 2
51 8 75 2
60 8 75 2
49 8 74 2
52 8 74 2
58 8 74 2
46 8 73 2
47 8 73 2
49 8 73 2
50 8 73 2
48 9 90 5
50 9 87 5
52 9 87 5
57 9 87 5
59 9 87 5
49 9 85 5
46 9 84 5
50 9 84 5
49 9 82 5
47 9 81 5
60 9 81 5
54 9 89 5
54 9 88 5
56 9 88 5
48 9 87 5
49 9 87 5
51 9 87 5
54 9 87 5
51 9 85 5
52 9 85 5
57 9 85 5
58 9 85 5
48 9 84 5
53 9 84 5
57 9 84 5
46 9 83 5
54 9 83 5
48 9 82 5
55 9 82 5
58 9 82 5
59 9 82 5
48 9 81 5
46 9 90 5
59 9 90 5
46 9 89 5
49 9 89 5
55 9 89 5
60 9 89 5
52 9 88 5
55 9 88 5
57 9 88 5
53 9 87 5
48 9 86 5
59 9 85 5
55 9 84 5
58 9 84 5
59 9 84 5
54 9 82 5
50 9 81 5
57 9 81 5
58 9 81 5
47 9 90 5
58 9 90 5
60 9 90 5
48 9 89 5
52 9 89 5
57 9 89 5
59 9 89 5
49 9 88 5
60 9 88 5
47 9 87 5
55 9 86 5
59 9 86 5
60 9 86 5
55 9 85 5
56 9 85 5
54 9 84 5
47 9 82 5
56 9 82 5
57 9 82 5
60 9 82 5
51 9 81 5
55 9 81 5
50 9 90 5
55 9 90 5
50 9 89 5
51 9 89 5
58 9 89 5
50 9 88 5
53 9 88 5
46 9 87 5
58 9 87 5
60 9 87 5
46 9 86 5
49 9 86 5
56 9 86 5
57 9 86 5
58 9 86 5
47 9 85 5
54 9 85 5
47 9 84 5
49 9 84 5
47 9 83 5
55 9 83 5
57 9 83 5
58 9 83 5
60 9 83 5
51 9 82 5
53 9 82 5
46 9 88 5
48 9 88 5
47 9 86 5
50 9 86 5
51 9 86 5
46 9 85 5
60 9 85 5
52 9 84 5
52 9 83 5
59 9 83 5
52 9 81 5
59 9 81 5
49 9 90 5
53 9 90 5
54 9 90 5
56 9 90 5
56 9 89 5
58 9 88 5
59 9 88 5
55 9 87 5
56 9 87 5
52 9 86 5
53 9 86 5
54 9 86 5
48 9 85 5
50 9 85 5
53 9 85 5
48 9 83 5
51 9 83 5
56 9 83 5
50 9 82 5
52 9 82 5
49 9 81 5
54 9 81 5
51 9 90 5
52 9 90 5
57 9 90 5
47 9 89 5
53 9 89 5
47 9 88 5
51 9 88 5
51 9 84 5
56 9 84 5
60 9 84 5
49 9 83 5
50 9 83 5
53 9 83 5
46 9 82 5
46 9 81 5
53 9 81 5
56 9 81 5
67 5 41 5
61 5 50 5
65 5 50 5
71 5 50 5
72 5 50 5
73 5 50 5
62 5 49 5
66 5 49 5
68 5 48 5
61 5 47 5
64 5 47 5
65 5 47 5
71 5 47 5
62 5 45 5
74 5 45 5
75 5 44 5
65 5 42 5
66 5 42 5
73 5 42 5
74 5 42 5
63 5 41 5
74 5 41 5
75 5 42 5
65 5 41 5
66 5 41 5
72 5 41 5
67 5 49 5
62 5 48 5
64 5 48 5
70 5 48 5
63 5 47 5
66 5 47 5
70 5 47 5
72 5 47 5
74 5 47 5
75 5 47 5
73 5 46 5
63 5 45 5
70 5 45 5
63 5 44 5
71 5 44 5
72 5 44 5
61 5 43 5
62 5 43 5
66 5 43 5
70 5 43 5
73 5 43 5
62 5 42 5
64 5 42 5
68 5 42 5
69 5 41 5
69 5 50 5
74 5 50 5
73 5 49 5
74 5 49 5
68 5 46 5
70 5 46 5
61 5 45 5
65 5 45 5
71 5 45 5
73 5 45 5
61 5 44 5
64 5 43 5
70 5 42 5
61 5 41 5
62 5 41 5
68 5 41 5
73 5 41 5
75 5 41 5
68 5 50 5
75 5 50 5
63 5 49 5
61 5 48 5
66 5 48 5
72 5 48 5
61 5 46 5
63 5 46 5
64 5 46 5
72 5 46 5
64 5 45 5
72 5 45 5
62 5 44 5
69 5 44 5
69 5 43 5
63 5 42 5
69 5 42 5
63 5 50 5
64 5 50 5
61 5 49 5
65 5 49 5
68 5 49 5
71 5 49 5
67 5 48 5
68 5 47 5
66 5 46 5
71 5 46 5
74 5 46 5
69 5 45 5
64 5 44 5
70 5 44 5
65 5 43 5
72 5 43 5
67 5 42 5
71 5 42 5
71 5 41 5
67 5 50 5
70 5 49 5
75 5 49 5
63 5 48 5
71 5 48 5
75 5 45 5
64 5 41 5
70 5 41 5
70 5 50 5
72 5 49 5
65 5 48 5
75 5 48 5
69 5 47 5
75 5 46 5
67 5 45 5
68 5 45 5
65 5 44 5
66 5 44 5
67 5 44 5
68 5 44 5
74 5 44 5
63 5 43 5
67 5 43 5
68 5 43 5
71 5 43 5
62 5 50 5
66 5 50 5
64 5 49 5
69 5 49 5
69 5 48 5
73 5 48 5
74 5 48 5
62 5 47 5
67 5 47 5
73 5 47 5
62 5 46 5
65 5 46 5
67 5 46 5
69 5 46 5
66 5 45 5
73 5 44 5
74 5 43 5
75 5 43 5
61 5 42 5
72 5 42 5
62 10 99 1
66 10 99 1
68 10 99 1
69 10 99 1
61 10 98 1
64 10 98 1
67 10 98 1
64 10 97 1
74 10 97 1
63 10 96 1
64 10 96 1
70 10 96 1
73 10 96 1
67 10 95 1
71 10 94 1
63 10 93 1
65 10 93 1
62 10 92 1
71 10 92 1
62 10 91 1
66 10 91 1
68 10 91 1
70 10 91 1
66 10 100 1
68 10 100 1
65 10 99 1
70 10 98 1
74 10 98 1
75 10 98 1
61 10 97 1
67 10 97 1
72 10 97 1
75 10 97 1
75 10 96 1
61 10 95 1
71 10 95 1
72 10 95 1
72 10 94 1
73 10 94 1
75 10 94 1
69 10 93 1
70 10 93 1
61 10 91 1
75 10 91 1
72 10 99 1
70 10 97 1
71 10 97 1
71 10 96 1
63 10 95 1
74 10 95 1
75 10 95 1
62 10 94 1
63 10 94 1
65 10 94 1
64 10 92 1
74 10 92 1
65 10 91 1
61 10 100 1
62 10 100 1
63 10 100 1
64 10 100 1
72 10 100 1
73 10 100 1
62 10 98 1
68 10 98 1
69 10 98 1
62 10 97 1
65 10 97 1
62 10 95 1
68 10 95 1
69 10 95 1
70 10 92 1
75 10 92 1
67 10 100 1
74 10 100 1
71 10 98 1
72 10 98 1
69 10 97 1
65 10 96 1
66 10 96 1
67 10 96 1
72 10 96 1
73 10 95 1
61 10 94 1
64 10 94 1
66 10 94 1
67 10 94 1
66 10 93 1
75 10 93 1
63 10 92 1
72 10 92 1
71 10 91 1
72 10 91 1
73 10 91 1
70 10 100 1
71 10 100 1
63 10 99 1
70 10 99 1
73 10 99 1
73 10 98 1
66 10 97 1
68 10 97 1
68 10 96 1
69 10 96 1
64 10 95 1
68 10 94 1
70 10 94 1
64 10 93 1
71 10 93 1
74 10 93 1
74 10 91 1
65 10 100 1
69 10 100 1
61 10 99 1
75 10 99 1
65 10 98 1
66 10 98 1
63 10 97 1
73 10 97 1
61 10 96 1
74 10 96 1
69 10 94 1
61 10 93 1
62 10 93 1
67 10 93 1
72 10 93 1
61 10 92 1
65 10 92 1
66 10 92 1
67 10 92 1
69 10 92 1
73 10 92 1
63 10 91 1
69 10 91 1
75 10 100 1
64 10 99 1
67 10 99 1
71 10 99 1
74 10 99 1
63 10 98 1
62 10 96 1
65 10 95 1
66 10 95 1
70 10 95 1
74 10 94 1
68 10 93 1
73 10 93 1
68 10 92 1
64 10 91 1
67 10 91 1
